# FMTC Remote Car Side Config

[network]
SERVER_IP = 127.0.0.1
PORT = 5778
LIFECYCLE = 0.01666

[network_t]
SERVER_IP = 147.47.239.109
PORT = 5778
LIFECYCLE = 0.01666

